0.788143407975539 2.35770436189879
0.926460791285778 2.19994057854781
1.735948135972 2.10922345566437
1.36760041957837 2.5317239691134
1.71221033200408 1.85609153066979
0.955945261410255 2.42111054031129
0.975100796533276 2.18403596823244
1.23888627518156 2.13849303566281
1.22718410316205 2.71928605355832
1.08286961457083 1.85475109129149
1.45499537799416 1.99439414393598
1.22626913600039 2.44717526482108
1.31740130123245 2.5404526275502
0.950833728046171 2.31676768149439
1.3244863513232 2.46818692503057
1.64519301014419 2.40163050754332
0.955163745951414 1.83670010970898
1.43621955843906 2.05834901885667
1.144298304291 2.04802700440741
1.33255993489891 2.18510220878043
1.26082416926849 2.41967153474922
1.14521421871607 2.63038453680255
1.16646403595552 2.35565822344563
1.19479129548508 2.34858101611416
1.22031313487767 2.48912189442145
-0.846834784351629 2.22454594077943
-1.27261333556434 1.69828533624158
-1.22121458340336 2.00193955216781
-1.4878410085944 2.48307001417025
-1.34396122812539 2.3111943220787
-1.23532691110132 2.19114397767096
-1.27940910725847 2.17215342081931
-1.72028124610205 2.12282202751259
-1.47094705747432 2.35789134286073
-1.34701975410892 2.09243817895119
-1.02093930940575 1.73229482905375
-1.20928527573461 2.30917924499431
-1.22944476196114 2.66045818780432
-1.72870133480644 2.25970052129684
-1.1809958612949 1.97755661905627
-1.70655074009947 2.46925321127873
-1.1009664148538 1.91799902953132
-1.20671554138715 2.26831955132826
-1.20644168593966 2.38563219487003
-1.41622555038769 2.41037060724411
-1.21114993330266 2.32013022494678
-1.33316241493274 2.25259466640005
-1.20312902540572 2.55525555809087
-0.89196911407994 2.41914051672537
-1.54054771496582 2.51119149421321
0.585455712541415 2.1704035061628
-0.33588934081293 2.18268916463842
-0.390806764886432 2.36947118262094
-0.508505796043736 1.99609949530995
0.417579156320944 1.82112762071933
0.187615238845656 2.61807108557141
0.0482910694972502 2.75249322837106
0.0316508655805994 2.58512926967966
0.0423568989421319 2.07489528971816
0.287068992960626 2.45180372062522
0.323871071412246 1.84461901686065
-0.258573582610799 2.36599078361983
-0.125713002058536 2.09788385946131
0.0559122709644659 2.3380090067279
0.149090378062457 2.01720822162724
0.25615599066867 1.92849512383395
-0.0488396124887805 2.36622681238961
0.157160299419439 1.95871691784457
0.461807330879543 2.18665383271556
-0.371604114129558 2.37455808690848
0.295113901451158 2.29911803364898
0.131534442508722 2.29247604189616
-0.0676977796548179 2.28606622038755
-0.046323264624628 2.49050991646669
-0.187247621044108 2.60010503595236
1.06973199191907 0.199844796588558
1.15040104361272 -0.0898735228808621
1.41987419176591 -0.0188001989590517
0.99253445697217 0.240461094612457
1.55172017135503 0.0940439639616193
1.62707707743997 0.00916277756845769
1.53266659185648 0.0440517257336467
1.07280260931763 0.759925342176984
1.09399357545292 0.197824905163893
1.09351961079231 0.262703454309781
1.62889806341443 0.0313330687246028
1.39322225131458 0.0607279388515682
0.47361767306486 -0.135398237969759
1.61088568632224 -0.0241813237392296
1.68241042413523 0.231942473035896
1.14042090468427 -0.0677006663360942
0.917808626870351 -0.193296908655318
0.873630634485504 0.201525247368276
1.14886421936486 0.461606074141517
0.829427287145525 0.376243314191284
1.01804052755577 0.136565915889758
1.46229289837938 -0.214153811224769
1.13779451118367 -0.0276015161810158
0.660091042328139 -0.370405013386676
1.43015693390052 -0.0160919062036796
0.0013127664903164 0.00395040992943265
-0.14860646920766 -0.0222654367894721
0.13792532237528 -0.186248857520524
0.407964325969259 0.369509891207861
0.326123139842705 0.0845257957685861
0.198300812968356 0.0622832874131087
-0.0654959585809632 0.185502611622285
0.313789663194884 0.100081995780999
-0.32181531796437 0.122674815641824
0.302828216196848 0.0277792012376133
0.442405853326771 0.0208830200530731
0.223339951121562 0.29833494646347
0.262689110098135 0.420856167563563
-0.189792391041818 -0.0995155475597977
-0.0434012048549467 0.106789903818023
0.278536483620874 0.0156946862548355
0.140485610601034 0.413072717368419
-0.209015971238451 -0.131573130048452
-0.0492137570589645 -0.136707730533109
-0.158413447626253 0.114975844460001
-0.424510209878056 0.242162215125631
-0.27146270532898 -0.244515367248778
0.285030096037112 -0.378449739670595
-0.184440732274828 0.432893604016632
0.170198821208035 0.317797317793317
-1.33820204885357 0.21343979531275
-1.06142086878207 0.152274250974
-1.19985594957566 -0.10090772232814
-1.10498627781866 0.0142761873777699
-0.777129582785935 -0.475393259508202
-1.22751654688596 -0.128401994415109
-1.65723797431184 -0.392650972011763
-1.80138468187571 0.0596335129407751
-1.35197257582042 0.168075678798335
-1.37741413733832 -0.325348622847397
-1.24644754095061 0.0665057928368441
-1.52498671333408 -8.45096057019436e-05
-1.37126887920447 0.291708118948609
-1.29205324022258 -0.27252445311149
-1.28451484143685 0.00120125072587316
-1.65000648846003 -0.0726885960358905
-1.33055383633631 -0.00782859283172507
-1.25812270048604 -0.0960924268241467
-1.07210626217814 0.139098984436979
-1.28737586447448 -0.143299489807226
-1.5197376236185 0.0868257716787183
-1.21689424157442 0.401784764771356
-0.988330888404527 -0.387451377259785
-0.957687159362816 -0.163047833713405
-1.80068500746226 -0.132557277982469
1.24932572422499 -2.59771329747019
0.565284224996989 -2.33941614833703
1.01324237745964 -2.02814639221703
1.35246157519998 -1.95370834848294
1.17467983123017 -2.42216735144339
0.978187018131327 -2.34932423509568
1.36455719174956 -2.27715373500269
0.928912738915797 -1.89894450666788
1.15678996513082 -1.88948502154958
1.43099716559538 -1.94575239662961
1.43484935533094 -2.40218394998411
1.28918399904544 -2.54517092606724
1.29067142373022 -2.26374666313462
1.4057377781258 -2.28217476476942
1.29864771991408 -2.04618597762023
1.42857150575645 -2.40729767716764
1.15453076636724 -1.79222790254243
1.32402520252119 -2.54835366802261
1.50140227379016 -2.22067851779548
1.96277735937543 -2.49638210790778
0.792531266879161 -2.5384425018198
0.997101970813021 -2.50591410310549
1.42284621032468 -2.12181374427243
1.01666358222181 -2.21287104559216
1.71351190579247 -2.07994560578286
-0.132681240754044 -2.26315248877642
0.106399660436574 -2.34337881657568
0.32551324272788 -2.51067225640052
-0.104075273197825 -2.27167218202566
0.0291217873805472 -2.35116628482479
0.206856066790176 -2.08663047996203
-0.0662974654799878 -2.09964197577505
0.443979413294699 -2.33383319267997
-0.173569038588851 -2.05000571102789
0.412901104629447 -2.31538836922226
-0.40936490770325 -2.22785999684363
0.200080781701512 -1.94543833194402
0.235968313583308 -2.2799350769654
0.0543365411071936 -2.3543353352211
-0.04996864420513 -1.89470032858462
-0.0311316091801698 -2.16212775526775
0.320397022253113 -2.00264607131176
0.207410371576545 -1.9333286843507
0.111670718256912 -2.07112413872693
0.179885481229209 -2.15858327474599
-0.0568387240059356 -1.83507807853253
0.18100647928612 -2.35215009830993
-0.0695475517897893 -1.90835425564306
-0.294105602018568 -2.27754557588422
-0.0483544991034052 -2.31623507780792
-1.12498481053127 -2.1535285940116
-1.73189285917374 -1.94748004681695
-1.26321797181219 -2.39504944880536
-1.39171543342653 -2.09831651573482
-1.28677978535533 -2.88919750379211
-1.47719996214159 -2.38971154097753
-1.43590332315459 -2.12826486078681
-1.06333655455578 -1.75499256379485
-1.39963996205061 -2.22022815413408
-1.60628249939514 -2.48463965544744
-1.06507329286853 -2.29573961866536
-0.967069528403268 -2.46009631263226
-1.20957127820622 -2.39519854822741
-1.18961427105023 -2.43114478793194
-1.65274487434284 -1.92603288824697
-1.0251569434991 -2.00250776364668
-1.58307267194444 -2.20304131040684
-1.0743852996082 -2.20606313811426
-1.11078047234778 -2.35217290989467
-1.33672812066759 -2.06057140219961
-1.13475088805398 -2.19722826597735
-1.3805604861986 -2.35014507652189
-1.23598601694749 -2.5647436455663
-1.05271830635218 -2.72080638858906
-1.38640670320504 -2.10256205545879
1.3094716742227 2.65872931519519
1.61457345609521 2.77576706250468
1.42108466972454 2.18544510955177
1.17057535457752 2.78598786162174
1.6020708885353 2.55868296387984
1.53619652049979 2.29112148562611
1.16493010198825 2.77581804350426
1.76867364622121 2.52654865167515
1.76268396820286 2.28247139575855
1.61722978902218 2.56938721718578
1.40047787516665 2.51231046644758
2.13162810021738 2.4298764081336
1.4925154555549 2.53442373211745
1.77084952623207 2.27932069960032
2.11214931869935 2.4233360139922
1.32767026241805 2.65645436998694
1.37593286426262 2.25562842209219
1.51831460863103 1.94447415031559
1.49205210936899 2.87273122162926
1.57033935703405 2.25098676628397
1.71806644918746 2.22041367781179
1.89755461245937 2.36305101545062
2.09809601870749 1.75737330801586
1.17853485830749 2.44966353802404
1.69997267859543 2.56588259977017
-0.910872997303006 2.27538852150009
-1.20644051959337 2.22333795323042
-1.35643097393945 1.97981614336366
-1.37758932542999 2.8122991922582
-1.67206343471265 2.72675762509181
-1.89945448979957 2.71509032979437
-1.6326595892059 2.4321969768265
-1.05921280562388 2.52033569047564
-1.30403872762287 2.57815386255449
-1.84316702081487 2.41043077139377
-1.58626696060465 2.8515803018791
-1.16423824687208 2.53420326013801
-1.43050749441473 2.75156909862492
-1.5665007748175 2.6771610386875
-1.95084746022255 2.69379616924504
-1.3735881287013 2.62426233375528
-1.62221453006301 2.32178821787403
-1.87217967916743 2.43197894819603
-1.3201644239501 2.04313860317603
-1.06976490899908 2.65396587452017
-1.78420159807862 2.43427536954426
-1.64577689351059 2.48531783918657
-1.2863370421588 2.47123760401818
-1.03758337766626 2.34605450898628
-1.30902165097138 2.93237563343067
-0.0774628872886159 2.36503314275145
-0.474336004952876 2.79849927794787
-0.00215624862568975 2.43358202065698
0.244539199610991 2.08614783509632
-0.177562155767632 2.42203949496075
-0.484896938707355 2.58883668615621
0.0374390090045822 2.35430968783352
-0.2587589563776 1.86895228277742
-0.0034430126732188 2.35772859484021
0.347424894859041 2.59920753575478
-0.0836337676987045 2.54428334046861
-0.254119268346859 2.80465076089076
0.0776198451271264 2.34095108115192
-0.135276357409295 2.88613635107318
0.358165968470658 2.93837936810627
-0.311646939724665 2.46336161178379
-0.350779630372448 2.62188157647834
-0.34167489426925 2.48840613332696
-0.0766969535434592 2.53596920515418
0.178673118143841 3.02603391624022
0.175406863110113 2.3773640110877
-0.185605955916186 2.53851980262902
-0.0488319563385645 2.62350490936887
-0.176040271658715 2.67074986000608
-0.099395913831917 2.5287791481394
1.52860280454789 -0.100713671516104
1.74722053578394 -0.161409004836192
1.48619439023124 -0.274451353556109
1.43904280596511 0.228209692191562
1.81973325164502 0.0805357838432896
1.34303316438698 0.00205665730920953
1.42919297852824 -0.431456062237793
1.25325310066522 -0.441809937780427
1.24226143078041 -0.178977403354995
1.79742579853398 -0.133149025814845
1.02057762449408 0.688913633809329
1.60961304184419 0.0335694922309791
1.16551336455783 -0.0141699549119378
1.52210368424373 -0.166282198514514
1.62871919579292 0.0338449201973856
1.3551815107702 -0.233672038851339
1.57159276149538 0.322599458460682
2.11690854483659 -0.234045379702656
1.72925623878621 0.184333021663625
1.36882192062679 0.0983289723907768
1.3673918076326 -0.0893609892910389
1.78298180574047 0.0950182048552466
1.77208737683989 -0.226154607370598
1.35988120333589 -0.0736816933126741
2.06330997774864 0.321785479579344
0.0107699535015957 0.0796598524012213
0.17169846556939 0.395441442829962
-0.168357891112818 0.144820518625516
-0.0159863257469398 0.106171047223389
-0.163673225328765 0.315091307416767
0.232035514976527 0.0814987267433658
-0.230622230375717 -0.35591046019794
0.0155148063113841 0.0762891405922078
-0.262405460906704 -0.105292665567608
0.329472236621842 0.238904860857508
-0.0478164961454143 0.00657391264789556
0.0209043174338492 -0.183960994625268
-0.0666585381853905 0.371951509057889
-0.0707798383569102 -0.0941677436878767
-0.198334892830107 -0.258947057993766
0.0837514419567033 -0.209886721921864
-0.0787344341244723 -0.336918542676662
0.466498735484762 -0.111347372708947
0.317895054573428 -0.2464262772405
0.0953539172566383 0.119629186134083
-0.25267432871904 -0.457315157303998
0.174152356706512 -0.229135179785099
-0.469149455574833 0.0533039162004636
0.0699145049862752 0.414566271319002
0.116135785708244 0.0811107141875954
-1.28114287859703 -0.0940019832223049
-1.38204723352248 0.379719596161344
-1.62044259041979 0.245906689229286
-1.16353607322644 0.22163384933234
-1.7288435147309 -0.576634565701074
-1.78226552636422 0.051825097941728
-1.25114199512605 0.0396756785959363
-1.36896610092903 0.134362698306296
-1.63772735210881 0.185966680748449
-1.73658299244844 0.445691615996322
-1.53061513319366 -0.146497422288363
-1.10116322475196 -0.0834689009740402
-1.32301024253564 -0.321779826471303
-1.36462009426406 0.0152760984050164
-1.68644596895436 -0.178316798208814
-1.54561598435039 0.301061734378246
-1.50478320627551 0.150613606770975
-2.02666693376794 -0.134884136535899
-1.39138559593024 -0.0424647301938848
-1.69832905199306 0.0775515348699897
-1.39144272497936 0.484206540007278
-1.84524349478471 -0.431206024971317
-1.5960349969352 -0.112565634532002
-1.42670229267443 0.264672079805369
-1.50108577782508 -0.104677210054602
1.59982901256629 -2.946242828891
1.43610771752244 -2.38006373586099
1.64588961721611 -2.71630529830487
1.8499100717144 -2.3843618400879
1.46737321196591 -2.63359982662781
1.57657060505634 -2.47865227505238
1.41844034249975 -2.25918593530059
1.64299508687561 -2.32977884652606
1.75020524241191 -2.63544531357589
1.496942550025 -2.46737707221839
1.66489902088925 -1.96349325867944
1.98931611962001 -2.69563249231522
1.29067694992602 -2.43935796896723
1.74239248282076 -2.23542126298398
1.48436917090409 -2.30767671933726
1.61070252014092 -2.67996729969753
1.63797585986819 -2.39198239901597
1.79198175974057 -2.91102151346272
1.02993767355008 -2.49152894375062
1.83774590561812 -2.88806761038128
1.80629201488014 -2.53660136096945
1.17751009706433 -2.88609065393475
1.74419566717076 -2.07651821120149
1.2317161041604 -2.77147485426075
0.840982356260509 -2.73063830034931
-0.127933008592629 -2.93405127339009
-0.133443804808186 -2.67510968737017
-0.0922358417692277 -2.58758647696508
0.548607940227814 -2.50387294509561
0.138815145134103 -2.17780916985243
0.0695775844048434 -2.49965864201963
0.0727321274452492 -2.90631903328396
0.287125432018204 -2.3091028851457
-0.446536001258814 -2.73880108790478
-0.552550622926109 -2.37651723135354
-0.283662546670253 -2.49394854324062
-0.324071369257858 -2.69359533608852
-0.182005532729672 -2.61613003191407
-0.090697155434456 -2.33465329036776
-0.10463374182666 -2.4211922362115
0.194077207542279 -2.35758408686483
0.429010554448919 -2.22250486405344
0.278750651634695 -2.41721555991742
0.399272805846222 -2.99797950013073
-0.418507336134015 -2.34427543563928
-0.540762589981689 -2.67458950924288
0.317147978877017 -2.56968840489801
0.217585760291759 -2.87530083873028
0.100568093743365 -2.64112345069098
-0.101455914751386 -2.52736266721365
-0.652665400476045 -2.83411117991332
-1.97978123295426 -2.20640610261975
-1.46470824419873 -2.44731578114636
-1.20729355929059 -2.13593401549086
-1.50907038018124 -2.24334968690299
-1.70692941493555 -2.85750963471526
-1.2912203909597 -2.11252361152864
-1.60564395271755 -2.72156186285753
-1.30926339918055 -2.82165082609424
-1.07290984568907 -2.92823047055103
-1.09605850321022 -2.67273409821785
-1.57057127254642 -2.714028869129
-2.04771665637134 -2.32880984535219
-1.0382824707304 -2.59916377686298
-1.76626199472775 -2.46177102696036
-1.18510528923763 -3.16237199987175
-1.10213023209034 -2.63672092083482
-1.18833922684584 -2.56773727698042
-1.43693735954304 -2.23393040935543
-1.42316082990303 -2.4155745733336
-1.63209595041687 -2.64009231183232
-1.23966986233679 -3.00165916956741
-1.19615066474696 -2.34553847107311
-1.76163663270858 -2.33454922422159
-1.28253524930587 -2.54202235248948
1.4516492716434 2.03330557177677
1.55776760539816 1.29320053086475
1.49609646259477 2.21920181082997
1.05693227884991 2.04275398552783
1.78565883106376 3.31385922974073
1.18041334989306 2.69298685982082
1.53047731282602 2.89033417386791
1.11673734557627 2.59256633697161
2.2836344267083 3.20470255792999
1.613423591621 2.49927524055527
1.75766361080315 2.25839246605601
2.04402161530161 1.46463904829796
0.565404545231284 1.69502090660069
1.46906512007506 2.56088570504965
1.58771136160133 2.52675405271689
1.63896720960339 1.28954647978339
1.22094380217568 2.57853913314501
2.22486055152823 3.28536797110418
1.97421879378312 3.36283538195136
1.86162148101915 2.08570478106377
1.62005778599745 2.71179491201081
0.714155256800442 1.23012512800644
1.77323107105922 3.13175378688579
1.37917118604792 2.05627378083702
1.87723541837768 2.73115939631709
-0.288355399867584 2.13640353537621
-1.86482859375235 3.0232015462573
-2.62874709297807 1.97244216359227
-1.33350540195026 2.79491995814862
-1.46472343244145 2.86176439593639
-1.09541716836605 1.8408139700322
-1.39854437385764 2.44320136087105
-0.815326487961916 2.26928589278755
-1.47491916985075 2.40044465947864
-0.992859012985264 2.20009643722479
-1.43626861894884 1.98594874873183
-1.25152478564586 2.48664481029676
-1.68544167292311 2.86862948378208
-1.90503473214802 2.8937946152848
-1.8184592004733 2.9039900470935
-2.18560770856296 2.88747269576788
-1.04941103013521 3.29207866657739
-1.63216497450777 3.36078978109826
-1.62676359945609 2.3606092332029
-0.811271223847229 2.86583822533497
-1.81573620654059 2.8483085645022
-1.30335942066328 2.37984263767861
-1.09289157714761 2.87691964326693
-1.84747146563659 1.19196733495405
-1.3023435306734 3.01039685088812
-0.098386996852032 2.74077775662788
0.279565245626877 2.46837150464478
0.357196271966466 2.26842984897968
-0.13707912438667 2.71225326384627
-0.844186176213338 2.18655741839859
0.141562049710978 2.54301997326105
-1.16578817449977 2.46441339849531
-0.894775901944908 2.42457343613552
-1.09508902131694 2.84487304100336
-0.0907845563670072 2.03476476531486
-0.954804131223179 2.95295392085683
-0.220479044290986 2.83128436599649
-0.192692024531296 2.43893889372401
-0.594333206389066 2.40694618494636
-0.0677052802817866 1.77514501276145
0.237126751076398 1.75730717379765
1.12050811051135 1.92670448480275
-0.552283032978403 1.97606095331999
-0.0442283127720315 2.16396268826127
0.223990661036052 2.58018420624772
0.621319631387512 2.42128731481667
-0.317121248685793 2.71583166033417
-0.651020064798939 2.9552336286055
0.51308921177316 2.61533591248204
-0.463814319837457 2.41994831850768
1.90351988211011 0.0777865374105083
1.07830155592692 0.611925635739526
0.993275799300712 -0.469664299068932
1.93574744797581 -0.791826674556304
1.32588355750351 0.378378380986964
1.02170111610963 -0.674229830616119
1.18061072567988 0.402446931600364
1.62947984961041 0.909647525183502
2.05550525455201 0.581538068680818
1.85662274777565 0.407148427194361
1.6514277088587 1.19757956573831
1.74424467086579 -0.126739861682153
1.66145379498091 0.809187807112019
0.981257949769245 0.510516549995617
1.73435660536812 0.167848608426285
1.11095720868077 -0.358829328755324
1.02030814217101 0.0143153611442665
1.48383878168316 -0.396416054224722
2.05986910224244 0.0218023078164244
1.19847148552714 0.609558208442253
0.544875472398758 -0.489930708485836
1.13104794434678 0.522092609303828
1.37556298945415 0.317287372311426
1.82969390780025 1.04198380337479
1.48400942842851 -0.0483892745263868
-1.12210606860428 0.852420259216079
-0.757730455652199 0.621409159891439
-0.722854896806901 0.744804899625672
-0.00737774089923369 0.742816483282811
-0.126203061490132 -0.231780805752751
-0.135136313463558 0.245144405232729
0.467736603924775 -0.526368679601109
-0.646681857182255 0.539098135191938
-0.115873636459083 0.246190370802373
-0.432130157014984 0.526647930953468
-0.74585811985484 -0.438060843133031
0.151891434158261 0.272826716851033
0.798431539537009 -0.641259449782929
-0.257323473135637 0.124067969586913
-0.368673015475843 -1.12155117609034
0.295705501733972 -0.202538941080172
0.503394499116071 -0.470913472883952
-1.19118958561146 0.347869901773699
-0.2755227015445 -0.205556822886233
-0.228632676575337 0.469058906863773
-0.228432343409133 -0.445517874037594
-0.000795045028333852 -0.138273281219897
-0.655972326729181 0.546795905948697
-0.278407061379816 -0.760459895737072
-0.302044279380901 0.134060584620844
-0.780152329137972 -0.191004442288984
-2.27245759922313 0.322314181252163
-1.52275497122926 0.880867749810574
-2.01240196425937 -0.134934672941082
-2.10195745052031 -1.12845337213508
-0.71462922062075 -0.386573054565638
-1.22922213267596 -0.454911767645476
-2.24761233107554 -0.669719829426062
-1.55673722680406 -0.66570456439718
-1.38986071592414 -0.382615878461042
-2.71311009210288 -0.058093868115986
-0.834790737275305 -0.092355373047035
-0.976134167097252 0.365050974682195
-1.52793477600019 -0.629322197106586
-0.222374978425048 0.627213090788079
-0.931038189371184 -0.681886212897362
-0.960037811247988 0.741062520293887
-1.3851048146378 0.0718056659308808
-1.19317455224396 1.03026683749912
-1.54675198784577 0.639803372328207
-1.24292652633181 -0.540239875764682
-2.44436244357603 -0.845637792054603
-1.37803255450689 -0.655983759925485
-1.03465811149863 0.423710485942712
-1.95933716361308 0.332058815290771
2.38709202005642 -3.02358140837019
1.99535152350872 -1.28881365648417
0.343118333612967 -2.35431825185147
1.54372313256337 -1.84928056974231
1.38298531158035 -2.30064340888226
0.60666794637213 -2.88490061580777
1.24510111992486 -2.47474069984338
1.52077387567867 -1.59203311223261
1.04272868483962 -3.05326525253223
1.7760689195748 -2.74868502081159
1.33120157128895 -2.91720861638469
1.41436371098935 -2.04211886419368
1.32547629960741 -2.56025225197406
1.92830496710113 -2.77434649007358
1.26650095725025 -3.01528267499904
1.94528421842741 -2.58551554296727
2.29728321070309 -2.5945539781172
1.26113376172738 -3.08280034663308
1.45779434286466 -2.32408565066254
1.19807630094397 -2.94427445039757
1.22536666629407 -2.69739832010962
2.30507886544412 -2.26729118758588
1.08379878669019 -1.87457917552901
1.95153288841029 -3.35352711638717
0.684529295429368 -2.0575434482872
-0.507291047085737 -1.65922855462868
0.176491716238478 -3.08379862209458
0.615574058723307 -2.75377454498745
0.253641469465526 -2.57584756352911
0.0746378918280537 -2.21564473473418
0.274178765464497 -2.12683223458823
0.302827896490899 -1.90907531557218
-0.116082956476264 -1.84592877454237
-0.377326341995188 -2.88200640298487
0.678836287601505 -3.35477256409339
0.159308313955345 -2.14215775903615
-0.367759352997384 -2.40871277467038
0.500379853382794 -2.1377632472215
0.411554379534419 -3.42064748589665
-0.273395792521877 -2.88557778098755
0.1139730074497 -2.21959615734444
0.214902049091775 -3.05644691181452
-0.514365988028181 -2.31117694953739
0.361801833974385 -1.52417087063684
0.479369411132717 -2.91159861025582
0.750557768103334 -2.49177075941386
0.266539132251292 -1.60185956666688
0.112724681784294 -1.96083364299994
0.781050186643141 -2.21934091948273
0.0191795938747472 -3.40502919215531
-1.93611071964719 -2.27554257528662
-1.56964097363801 -2.68330712949836
-1.42296455978586 -2.79121225585604
-1.7195190268369 -2.80334997114059
-2.28362200842463 -3.17260050101334
-2.36206691985772 -1.85825730149077
-0.930973799506549 -2.23271563609387
-1.61991309106616 -2.82922217019432
-1.27448986597392 -1.82873312800088
-1.22003318880409 -2.31734072300525
-2.00927887648036 -2.39897736211624
-1.17271585787143 -2.3777938883621
-1.97387074682548 -1.8735467769201
-1.87242069890501 -3.2843423054872
-1.80282972878099 -3.00273025111357
-1.17183148659693 -2.27400432250001
-1.2676939959777 -2.68391847127869
-1.70480794796711 -3.27721837524756
-1.67227925790019 -2.93828173226699
-1.15666663112682 -2.81530301923757
-1.64281206570663 -2.51975237184378
-1.84290808810139 -3.2237383088364
-1.63611484856383 -2.71542239198729
-2.10054177326569 -1.93222973505136
-1.88834969442665 -1.75969177595194
1.990117317396 2.39590482866158
1.50676907809384 1.98870650112484
1.54814663409395 2.87192062579287
1.51509390758936 2.09855338971777
2.1347469740852 2.76784836506153
1.43639264165645 2.75268969693481
1.22070694750074 2.50233959303138
1.54765742130114 2.7150722729177
1.50256065331268 2.42248920501738
1.63987095121791 3.02225023172017
1.95865064826572 2.55313098566313
1.59053467816545 1.92419119963667
0.39307015102701 1.71562993901361
1.58955843333437 3.10667456562916
1.64053710983783 2.51150525681692
1.16165415864851 2.16992776161817
1.32439162990044 3.7539298264539
2.12457825314433 2.68303733697518
1.21913994527721 1.90649418727486
1.38380392595006 2.6810492402847
2.17116787259029 3.04734228523338
1.20668995816749 2.21688019929841
1.02521010599204 3.13228484281162
1.37307223309244 2.02780140640292
1.082212002173 3.05525220888768
-1.34445477833754 2.31817527672763
-2.01495085615267 2.17587370510059
-1.38523719677305 2.1856353132579
-1.97343441244527 2.59967661528011
-1.32437331964858 1.8640612954988
-1.45744064038001 2.87131787438598
-1.8527441632524 2.06291761236053
-1.52704380119611 1.9007510550576
-1.98933713368271 3.18331918552161
-1.16804267217264 2.63937252830407
-1.48794013692798 2.68480947259368
-1.50634363681828 2.71056358763924
-0.851138133730204 2.51366234230415
-1.08880303564107 2.52264198605214
-1.69802784412714 1.83592796078138
-1.02214449770082 2.65539907718143
-1.50393669874046 2.74077480425567
-1.34777296866853 2.7111006365961
-1.3432338737163 2.66931173559564
-1.33884324897296 2.96105801176526
-0.665829666069821 2.33678155798076
-2.1946635266442 2.81027226831955
-2.34793653278016 2.73024864875747
-1.99367460809526 3.56611359628564
-1.68363309470985 2.34636459840032
0.10598804072413 1.96006253111371
-0.170049245665567 2.68502779340724
0.0427026860413118 2.69650233506287
-0.104556235086288 2.1046248172599
0.00637923553690151 2.06287392976224
-0.579201834898314 2.63251467267629
0.563574715052308 2.25075341144475
0.618993161451593 2.31785833087088
0.608093173384464 2.17707516683637
0.379586168572345 2.89339891134785
0.56975063070435 2.52405602502056
-0.403459690452319 2.81769019731838
-0.975212514156115 2.95086501615093
-0.603048852043635 2.38892765059097
-0.149899587053055 3.05723393093436
-0.274021715821783 3.05599533046942
-0.530569497292248 3.44709519641344
0.146631288417619 2.21543996184212
-0.35635249407139 2.2501004078336
0.58607123629909 2.44182508698374
0.594094351305468 3.13519943343194
-0.00587720844689915 2.01845531897976
-0.547573441007878 2.73746208552675
0.5664705160802 2.64783561082984
-0.0540758688905075 2.86165688433695
1.09172642888125 -0.219749867392181
1.96658013401178 0.0806794457885265
2.79288595896816 -0.00858398471829853
1.42860577599708 0.235209730100721
1.24918061961328 0.070291923457123
0.86631010327815 -0.337329908941255
1.32182077322765 0.32625833673502
0.724700803153634 -0.212337935681103
1.8553302997316 0.10168675707696
1.82916795850891 0.08960488000837
1.15613331429938 0.119789765374773
1.84013143273439 -0.546334049171163
1.95632137806487 0.391051699941373
1.54345654961575 -0.417021842231471
1.7032511685142 0.356738190925039
1.65165053569932 0.596019069259085
1.72278231000014 -0.0861629980320051
0.922984033919236 -0.414013253938486
1.83672438946246 -0.329689919849915
1.16169841368524 -0.861266192828921
0.999733728751102 -0.716186876513909
1.13585973130485 -0.698691696525327
1.49375057247841 0.738280355921703
1.68811458507029 -0.659825395438882
1.13047880640893 0.0505435698698692
-0.296750340436483 0.829559094586427
-0.753224249964156 -0.519772934433094
0.621478551111128 -0.254964438574196
-0.172442403821722 -0.223553997298323
-0.0325587337709292 0.323406967212554
0.379610556991146 -1.03957876758392
-0.438844481658604 0.179885359950127
0.00353153019199256 -0.16257670922861
0.257835537833086 -0.396222507035452
0.382114890816208 -0.748367006812433
0.567507659535524 0.273771329270735
-0.978571213858241 0.297238393825272
-0.216112705808214 0.21055397799622
0.543467389569509 -0.726394278128755
-0.419139340373362 -0.0401352808093186
-0.178582019662439 0.554540592056876
0.150973641335976 0.563403689766391
0.00795193350058477 0.248679691774803
0.415384400364757 -0.174760015069836
-0.184282692267191 0.142420342247295
-0.695690154377982 -0.248929009141626
-0.571131851970811 0.149029422277621
-0.331687982890731 -0.0651869950797008
0.405050352731353 -0.247154817519569
-0.391960434677643 -0.556813721223871
-1.88519658687054 0.176949868054262
-2.50225276892423 -0.40838714083611
-2.25116031472114 0.0879975747770013
-0.868123822220751 0.414182615859817
-1.45121956513739 0.16372773480536
-1.37478494859074 0.389018736949878
-1.41841799543322 -0.00847397013865968
-2.06859944872253 0.0395898563689711
-1.71422356439049 0.383291074904243
-1.6868373132102 0.934926994626765
-2.2258585221246 -0.100959891992891
-1.02332835212271 -0.307159131339791
-2.21638193002162 -0.6036151206938
-1.70270330963245 -0.808225720783289
-0.631280947241602 0.0799184984299031
-1.48776745701088 -0.590451412942401
-2.29446661359667 -0.725651713257587
-1.08478154422043 -0.771353015861929
-1.97281221856233 -0.565488766166268
-0.768195183307533 -0.0524012598732956
-1.93000747392734 -0.00592221163481325
-1.29032582805441 -0.187985706154477
-1.53936942770673 -0.162797848176505
-0.6157458197515 -0.500091979791938
-1.58924313019664 -0.00998154679340784
0.669832756465993 -3.22787652754522
1.53101483719995 -2.47188859590052
1.4215673411813 -2.44590075203654
1.69211737643028 -2.44398248002663
1.40549679223679 -2.60871101486187
1.5720818937761 -3.10435707343651
1.86580318903731 -2.39981099055113
1.00204303933352 -2.91432936705036
1.82271873563998 -2.30823073531456
0.97261767376778 -3.25405850310586
1.72010755124877 -2.9773614082093
1.22221633233472 -2.65551095018718
2.20563082287889 -2.53900161587748
1.05052607920667 -2.41895241536722
1.03940747624863 -3.08912668924525
1.52327913759837 -2.54045139070161
2.15135445975776 -1.94928062579067
1.3910779787469 -2.03095650759283
1.18991673934915 -2.85869729755108
0.484779082699739 -2.01515040696534
1.85282010618884 -2.57472502406578
1.67505520957408 -2.80806450563642
1.32631424868085 -2.27111450158089
1.00930697347801 -2.37701384312723
1.77082462550718 -2.58195273535998
-0.521839658567295 -3.24895815620335
-0.321572527616826 -2.39547722518924
-0.26120737332003 -2.33500772733339
-0.877655763206837 -1.69086578523828
0.175255318201459 -2.69472874352209
0.176554968204251 -2.55875959831902
-0.306983384157608 -2.768832486372
0.855689258038734 -3.19301772876866
0.172709588931988 -2.43273373033776
0.589558958839352 -2.12008735718825
-0.438285933598496 -3.61948917166615
0.394470351880682 -2.61870684743492
-0.78659367564222 -2.69877318537014
0.206576344671139 -3.16100904745134
-0.791882585071952 -2.40380121203058
-0.0383197059937063 -2.16512079780159
-0.334495653389288 -2.16640765447965
-0.135979737572367 -2.08282409713103
0.0179575675037587 -2.3384483896127
-0.378618993121162 -2.91963338647287
0.589967428520693 -2.64682935024947
0.418662068871927 -2.97976623666698
0.317133180542556 -2.62709481832722
-0.251196667435736 -2.85496212569465
0.263745377003586 -1.98524311574273
-1.3622807379211 -2.12645123868774
-1.55625299378523 -3.00864854977305
-1.0495327382933 -2.58576365993886
-0.658447466374448 -1.9001176892551
-1.13376675877056 -3.06555116652366
-0.99009606735536 -2.08035608033252
-2.08017176631504 -2.9787895566231
-1.17382159976192 -1.85926283653682
-1.6688451791628 -2.49046701826159
-1.67610609384099 -2.80829673440483
-1.23437587006411 -2.75050108787385
-1.60458037982328 -3.03008792889866
-1.2130235461392 -2.43967919311036
-1.39569691844994 -2.27433930036425
-0.853951679242424 -3.33844939078019
-1.23408360300287 -2.01200849584843
-1.64295097769225 -1.94868571687803
-1.55939364015091 -2.51087188366804
-1.78558756478801 -2.55514190079927
-1.07941883802756 -2.00985957502999
-2.36712010182091 -2.84659687764329
-1.573386237285 -1.90536126726387
-1.77719669739288 -2.33356849129402
-1.92529285783803 -2.22401046825156
-1.49314785309205 -2.19502827283683
